4
1
15
13
17
58823
90
15
24
16
23
27
12
10
4
101
10
3
26
13
3
4
0
6
11
17
19
11
29
29
25
13
1
13
20
29
5
100
6
10
17
2
3
1
23
30
3
16
21
0
30
7
15
7
1
1
1000000
14
2
20
0
1
7
23
100
20
10
2
0
1
2
11
16
11
9
15
103
0
11
20
1
20
10
25
44
5
93
28
113
20
11
17
24
14
10
12
12
40
102
13
6
19
45
19
24
100
3
7
41
1
100
10
26
293150
20
11
44
35
8
27
3
3
88
327
8
10
12
5
10
11
18
4
10
13
16
88
18
2
21
0
104
23
69
2
5
10
3
1
1
1
37
11
114
6
29
12
0
2
2
15
16
9
0
10
152069
3
6
4
3
21
66
59
10
0
12
5
1
112
6
13
10
19
18
6
16
25
0
3
100
1
16
19
10
205
30
51
11
10
14
20
5
103
29
12
19
26
3
14
21
13
104
10
10
34
6
11
11
13
23
11
16
21
22
0
3
6
107
28
10
16
85
100
1
3
