1
1
16
14
19
5
101
11
10
19
14
3
59
100
0
10
14
22
18
0
14
8
21
40
78
11
23
10
5
9
14
8
8
8
1
19
12
22
30
13
0
59242
11
7
29
2
18
6
29
1
4
21
1
4
6
12
3
3
14
11
25
18
23
9
1
12
109
29
66666
19
8
64
13
60
30
1000000
25
12
21
19
10
4
13
103
33
11
10
7
10
3
5
29
4
8
1
7
6
11
4
18
9
12
15
3
10
29
50
2
13
22
74
108
1
22
11
105
17
1
24
11
11
1
10
18
142
9
110
3
1
5
208785
38
5
17
6
84
17
29
11
19
22
25
24
18
16
19
2
61
22
1
19
0
13
23
1
30
13
14
34
12
60
7
10
132
23
8
12
104
13
12
2
23
101
5
53
13
5
100
0
20
2
3
102
6
8
24
19
26
83
111
24
1
4
1
2
16
2
104
21
4
19
0
3
24
22
30
2
8
6
10
1
2
0
13
25
4
16
16
6
10
0
11
12
18
30
22
13
13
7
25
20
3
0
8
