4
62
14
17
10
2
11
15
83
17
22
108
0
6
5
123
12
112
2
15
28
100
7
22
3
11
10
30
5
26
101
29
19
73425
12
13
14
28
21
27
0
9
5
9
1
7
2
114
15
8
14
20
27
22
6
104
22
29
1
223587
24
12
45
10
11
29
16
3
23
11
17
2
8
11
25
12
1
25
15
23
20
3
4
136
21
141
1
20
17
19
12
30
4
101
46
120
9
5
1
2
12
115
7
2
3
1000000
57
22
28
17
102
1
20
70
29
25
118
4
15
109
8
8
22
2
5
5
2
5
11
101
10
101
6
25
100
1
33
2
0
8
1
103
20
1
10
3
21
23
10
1
0
101
20
98
46
0
33
46
23
2
30
5
7
84
13
12
23
25
10
20
18
2
29
29
52631
132
0
2
0
29
13
9
3
23
18
19
29
27
1
1
13
0
10
2
15
106
27
35
100
3
19
102
31
14
17
1
27
67
9
10
21
6
10
24
13
14
3
12
100
0
12
1
6
14
22
83
11
45
24
123
1
107
17
0
