0
27
15
101
23
59
62
22
250000
3
53
5
102
23
5
15
19
5
9
2
3
26
2
30
3
3
12
1
2
9
26
26
0
11
8
3
21
18
16
2
10
1
0
119
2
4
13
16
5
101
108
4
5
19
1
23
7
11
1
23
0
14
1
13
23
13
3
10
13
0
6
6
26
5
11
8
22
7
17
10
15
1
4
14
4
262300
25
19
19
10
0
22
8
8
21
15
104
12
2
6
11
1
22
5
101
10
12
27
14
20
26
80
14
1000000
1
18
0
29
12
24
19
3
10
27
2
1
15
17
2
17
26
0
15
4
22
102
11
14
20
2
14
38
4
0
1
8
7
14
81
12
18
62
17
6
33
11
20
10
102
19
1
11
30
10
11
13
100
23
14
4
305470
12
10
0
8
48
21
20
17
2
26
103
447
11
12
76
5
10
5
11
12
1
100
12
19
16
16
0
16
10
12
108
2
16
95
17
18
9
14
10
33
18
54
19
7
25
13
14
16
6
100
5
100
312
11
1
82
38
6
14
19
4
21
6
