233 133.30
306 x
422 x
181 214.68
163 207.28
463 237.91
211 191.90
238 177.61
324 243.46
236 222.95
491 128.85
391 150.85
161 164.70
196 x
363 x
449 228.67
451 228.07
477 x
517  75.00
352 216.47
275 x
367 x
315 246.80
431 x
169 201.27
217 219.41
314 179.68
425 120.11
255 228.85
231 104.38
291 187.92
276  90.73
279 193.09
365 
166
456
364
195
150
222
435
372
396
404
499
227
199
447
176
295
146
319
152
236
364
296
312
426
245
293
420
271
206
221
151
155
376
342
385
265
284
243
401
149
371
269
253
328
292
173
299
331
224
418
370
263
441
209
385
475
341
397
388
274
489
363
429
270
156
184
428
495
237
